0.00144696235657,3.0,0.0,0.0,0.0,595792.013102
0.101628065109,3.0,0.0,0.0,0.0,595792.013102
0.202521085739,2.99624714811,0.00375285188667,0.0,0.0,590943.325699
0.301692008972,2.99223842001,0.00776157999158,5.35905993518e-07,-0.000698131700797,590943.325699
0.401683092117,2.98703560405,0.0129643959542,-3.29731015004e-06,-0.000698131700797,488750.939378
0.501696109772,2.97914608696,0.0208539130501,-6.86257341248e-06,0.00244346095279,414982.072912
0.60174703598,2.97390064396,0.0260993560495,7.51755067776e-06,0.00331612557879,414982.072912
0.701673984528,2.96601118655,0.0339888136934,3.81459859147e-05,0.00558505360638,304392.210835
0.801849126816,2.96072316406,0.0392768367261,6.83798510692e-05,0.00418879020479,373591.944885
0.902559995651,2.95168226528,0.0483177364686,0.000101464525378,0.00349065850399,373591.944885
1.00162506104,2.94630889015,0.0536911122185,0.000118077584369,0.00226892802759,562150.546565
1.1020629406,2.93957085749,0.0604291458468,0.000140146431417,0.00628318530718,692575.718137
1.20168995857,2.93556220979,0.0644377948696,0.000165333847513,0.00471238898039,692575.718137
1.30159807205,2.92605220686,0.0739477998652,0.000198329195799,0.00191986217719,967811.410483
1.40207409859,2.91790682063,0.0820931867372,0.000207402377334,0.001745329252,967811.410483
1.50171613693,2.91227756237,0.0877224460632,0.000221603869781,0.00506145483078,1218201.76544
1.60188698769,2.90374844818,0.0962515635459,0.000260903500034,0.00314159265359,1323013.8041
1.70179390907,2.8980765564,0.101923457075,0.000279451768901,0.0015707963268,1323013.8041
1.80169510841,2.89398254186,0.106017472264,0.000285882638211,-0.000174532925199,1586288.23036
1.90173196793,2.88562393648,0.114376078835,0.00029728550909,0.00715584993318,1672852.4682
2.00169205666,2.87718021298,0.122819808713,0.000353287267462,0.00715584993318,1672852.4682
2.10397911072,2.87287307678,0.127126948896,0.000384109042338,0.00314159265359,1806625.43855
2.20184803009,2.86434402784,0.135656004652,0.000431417270857,0.000349065850399,1903910.22316
2.30168414116,2.85845888951,0.141541144271,0.000439463283243,0.00506145483078,1903910.22316
2.40175008774,2.85001506363,0.149984976277,0.000476939357249,0.00453785605519,1985783.45462
2.50168991089,2.84097425151,0.159025797291,0.000526562491826,0.00279252680319,1985783.45462
2.60179710388,2.8364537909,0.163546260347,0.000539186038886,0.000698131700798,2097518.27552
2.70182991028,2.82758344613,0.172416608933,0.000558002261574,0.00349065850399,2129348.27269
2.80267500877,2.81871316418,0.181286898952,0.000596557584633,0.00733038285838,2129348.27269
2.90165710449,2.80980032717,0.190199748279,0.000651160068932,0.00558505360638,2149479.5708
3.00243401527,2.80387264648,0.196127437769,0.000687333497506,0.00628318530718,2153075.29826
3.1017100811,2.79918168175,0.20081841003,0.000716808133363,0.00523598775598,2153075.29826
3.20181298256,2.7900556177,0.209944489276,0.000772631305293,0.00715584993318,2155526.26531
3.30170297623,2.78075899307,0.21924113156,0.000832548143518,0.00733038285838,2155526.26531
3.40160107613,2.77167562678,0.228324517988,0.000895829194179,0.00558505360638,2113721.34771
3.50171303749,2.76574795997,0.234252197577,0.000933535877375,0.010471975512,2085447.97279
3.60180091858,2.76092923901,0.239070936338,0.000983999436351,0.00802851455917,2085447.97279
3.70172405243,2.75137686943,0.248623335356,0.00106155609068,0.00890117918517,2028401.19531
3.80252099037,2.74357298086,0.256427252273,0.00113102198813,0.00471238898039,1964144.57708
3.90170907974,2.73389251723,0.266107740224,0.00118646559573,0.00680678408278,1964144.57708
4.00163602829,2.72775164821,0.272248628321,0.00122826594065,0.00715584993318,1857916.92164
4.10209798813,2.71815648204,0.281843820821,0.0012831364011,-0.00314159265359,1778695.15896
4.20302891731,2.71193017973,0.288070115022,0.00126438716276,0.0013962634016,1778695.15896
4.30212306976,2.70045841355,0.299541889886,0.00128015916873,0.00296705972839,1669324.90469
4.40186595917,2.69406154085,0.305938771744,0.00129779938426,0.000872664625998,1669324.90469
4.50166511536,2.68749405876,0.312506258097,0.00130501922688,0.00314159265359,1489274.11669
4.60166096687,2.67602243769,0.323977907315,0.00135884776202,0.00925024503557,1400751.09841
4.70159196854,2.66966849665,0.330331880608,0.00141926280897,0.00750491578358,1400751.09841
4.80169296265,2.66131014335,0.338690269179,0.00148179946213,0.00645771823238,1232087.76874
4.90179896355,2.65145914435,0.348541305521,0.00154454469803,0.00558505360638,1232087.76874
5.00170493126,2.64497709183,0.355023382402,0.00158387398611,0.00767944870878,1152347.80849
5.10168504715,2.63529670235,0.364703813345,0.00164863622415,0.00680678408278,991110.254403
5.20334196091,2.62855881395,0.371441732228,0.0016945004915,0.00331612557879,968365.190738
5.30164194107,2.61849440317,0.381506162176,0.00172067053175,0.00366519142919,968365.190738
5.40170192719,2.61167109628,0.388329486554,0.00174480113749,0.00244346095279,1010276.2551
5.501994133,2.60557274757,0.394427847762,0.00176135465609,0.00331612557879,1010276.2551
5.60178995132,2.59546569192,0.404534923676,0.00178760657082,0.00383972435439,1050932.5231
5.70191001892,2.58527343445,0.414727216536,0.00183464702674,0.00471238898039,1183496.03099
5.80168604851,2.57853548194,0.421465196123,0.00186997198623,0.00663225115758,1183496.03099
5.90166401863,2.5683859313,0.431614791269,0.00192656928957,0.00593411945678,1438577.58212
6.00207400322,2.56322587546,0.436774871758,0.00195719018303,0.00523598775598,1569357.31766
6.10174393654,2.55307627137,0.446924515973,0.00200506426795,0.00541052068118,1569357.31766
6.20173692703,2.54288402345,0.457116805296,0.00205300533672,0.00349065850399,1759343.66323
6.30169701576,2.53802241941,0.461978424713,0.00206997565881,0.001745329252,1759343.66323
6.40172314644,2.52791532457,0.472085525563,0.00207319109161,-0.000872664625996,2057419.7603
6.50184893608,2.52096401966,0.479036827102,0.00206623175816,-0.0012217304764,2100184.09178
6.6016471386,2.51064367796,0.489357165508,0.00205797731884,-0.00331612557879,2100184.09178
6.7021279335,2.50006753339,0.499933275646,0.00201129412899,-0.00279252680319,2366197.45687
6.80171203613,2.49490737227,0.50509342687,0.00199688423093,-0.00314159265359,2424285.00222
6.90171504021,2.48441646457,0.515584315877,0.00196924044905,-0.00157079632679,2424285.00222
7.00211191177,2.4773798704,0.522620902765,0.00195724955852,-0.00139626340159,2556075.11307
7.10188293457,2.46693159494,0.533069177652,0.00195240407745,0.0,2556075.11307
7.20170903206,2.45980970743,0.540191066922,0.00195179374008,0.001745329252,2590584.36091
7.30165696144,2.44936145815,0.550639333359,0.00196910647303,0.0012217304764,2634899.07052
7.401679039,2.44292191934,0.557078880843,0.00197726415098,0.0012217304764,2634899.07052
7.50168204308,2.43034140229,0.569659425585,0.00200600207299,0.00226892802759,2625888.89612
7.6030330658,2.42496802651,0.575032813319,0.00201819392395,0.00314159265359,2589172.07814
7.7017121315,2.41306983092,0.586931031212,0.00203980132798,0.000698131700798,2589172.07814
7.80166912079,2.40607590476,0.593924968591,0.00205004307063,0.00279252680319,2524007.68578
7.90166401863,2.39520121812,0.604799680422,0.00207469472196,0.00401425727959,2524007.68578
8.00319814682,2.38820733769,0.61179358562,0.00210002366739,-0.00157079632679,2466881.99906
8.10171294212,2.37920903431,0.620791885659,0.00209226791813,0.00296705972839,2220504.00987
8.20166802406,2.37217247997,0.62782845855,0.00211013142819,0.001745329252,2220504.00987
8.30168104172,2.35976253459,0.640238431456,0.00213525200351,0.0001745329252,2138132.791
8.40170407295,2.35281123576,0.647189735911,0.00213829624717,0.0010471975512,1810016.87651
8.50169110298,2.34163798356,0.658362995601,0.00214142236451,0.0013962634016,1810016.87651
8.6017229557,2.33468669914,0.665314292688,0.00215202883321,-0.000349065850398,1557965.70524
8.70174908638,2.32756481065,0.67243618107,0.00214862731899,-0.00157079632679,1365451.0141
8.80166912079,2.31664742731,0.683353551401,0.00212946868975,-0.000349065850398,1365451.0141
8.90166091919,2.30948289275,0.690518085784,0.00212598530102,-0.000523598775598,989762.583149
9.00165390968,2.29890667846,0.701094303687,0.0021250251362,-0.00418879020479,989762.583149
9.10174894333,2.291742177,0.708258781979,0.00209654032085,-0.00244346095279,762260.66069
9.2017929554,2.28052627516,0.719474667972,0.0020740471725,-0.0012217304764,282664.074427
9.30172014236,2.27029122562,0.72970971447,0.00206604579983,-0.00209439510239,282664.074427
9.40180206299,2.26282817112,0.737172759661,0.00205240997722,-0.0010471975512,83953.4670361
9.50172305107,2.25148432355,0.748516602995,0.00204259992161,0.0015707963268,393209.751417
9.60184311867,2.24619623035,0.753804705948,0.00205090646113,0.00314159265359,393209.751417
9.70199108124,2.23544949728,0.764551469841,0.00207939875936,0.000349065850399,750877.571586
9.80169701576,2.22427624423,0.775724732309,0.00208426657199,0.0012217304764,933409.563047
9.90176892281,2.21847639577,0.781524589988,0.0020913524384,0.0013962634016,933409.563047
10.0017619133,2.20743115062,0.792569868104,0.00212073789419,-0.000174532925199,1398956.36561
10.1017839909,2.20035191177,0.79964911072,0.00212124402745,0.0012217304764,1398956.36561
10.2016639709,2.18905075667,0.810950291291,0.00214198059675,0.00366519142919,1590082.18176
10.3017249107,2.1780481965,0.821952896783,0.00218230743268,0.00226892802759,1903869.01068
10.4017181396,2.17263217794,0.827368930451,0.00219459604435,0.00261799387799,1903869.01068
10.5019609928,2.16154426665,0.838456872989,0.00221963474059,0.00645771823238,2247804.49497
10.6016979218,2.15420933917,0.845791851566,0.00226499293491,0.00663225115758,2345683.47596
10.7019209862,2.14320691317,0.856794350279,0.00232715767103,0.00401425727959,2345683.47596
10.8017339706,2.13203376251,0.867967548829,0.00236466357017,0.00314159265359,2576091.81022
10.9020080566,2.1265751183,0.873426215545,0.00238181253384,0.00191986217719,2576091.81022
11.0015759468,2.11578572856,0.884215638697,0.00240534027625,0.001745329252,2669355.84815
11.1016740799,2.10828005514,0.891721331593,0.00241810525317,0.00349065850399,2793541.80578
11.2019150257,2.09719220352,0.902809235525,0.00245680949652,0.00296705972839,2793541.80578
11.301680088,2.08589109512,0.914110390314,0.00248935829753,-0.0010471975512,2822378.87774
11.4016759396,2.08034710944,0.919654373016,0.00248355265029,-0.0012217304764,2883212.90434
11.5016920567,2.06908855418,0.930912917509,0.00246781786016,-0.00191986217719,2883212.90434
11.601845026,2.05791529958,0.942086148388,0.00244123099583,-0.00314159265359,2873449.53508
11.7016069889,2.0502390285,0.94976239519,0.00241615510633,-0.00436332312999,2832436.88263
11.8016579151,2.03893789456,0.961063475785,0.00236391934576,-0.00296705972839,2832436.88263
11.9017269611,2.03339391791,0.966607437124,0.00234747003307,-0.00331612557879,2726357.10239
12.0016739368,2.02213540162,0.977865912307,0.00230518566477,-0.00523598775598,2726357.10239
12.1016600132,2.01074899993,0.989252255075,0.00224654887641,-0.00680678408278,2664396.63882
12.2016599178,2.00277429867,0.997226906196,0.00219685138492,-0.00261799387799,2404816.74802
12.3016300201,1.99172898089,1.00827221345,0.00218119103641,-0.00191986217719,2404816.74802
12.4018149376,1.98622764307,1.01377354301,0.00217062922889,-0.00401425727959,2157077.97714
12.5017061234,1.97458530779,1.02541584124,0.00213019074245,0.000698131700798,2027416.33642
12.6017260551,1.96345470626,1.03654645666,0.00213697888463,0.000872664625998,2027416.33642
12.7017319202,1.95616224678,1.04383892743,0.00214334276752,0.0015707963268,1694263.92269
12.8019630909,1.94426412906,1.05573709515,0.00218183111848,0.00610865238198,1520073.96862
12.902066946,1.93918938282,1.06081187972,0.00221283159894,0.00663225115758,1520073.96862
13.0016920567,1.92801638019,1.0719849624,0.00227532383256,0.00418879020479,1356073.43227
13.1016180515,1.91624623195,1.08375517558,0.00232257275028,0.00314159265359,1356073.43227
13.2018630505,1.91023319689,1.08976823813,0.00234146340557,0.00610865238198,1260563.76456
13.3018519878,1.8990601946,1.10094132666,0.0024037323742,0.001745329252,1262884.30858
13.4017820358,1.89151187225,1.10848966794,0.00241382526551,0.000349065850399,1262884.30858
13.5017571449,1.88008275581,1.11991880419,0.00242195317195,-0.000174532925199,1418935.97294
13.6017580032,1.86878156376,1.13122000572,0.00242199038764,-0.00157079632679,1556481.59368
13.7017331123,1.86319493219,1.13680663062,0.00241321493056,-0.00314159265359,1556481.59368
13.8017160892,1.85112611482,1.14887543045,0.00239185315388,-0.000523598775598,1955932.62228
13.9015889168,1.84016608904,1.15983546297,0.0023899551536,-0.00191986217719,1955932.62228
14.0017080307,1.83436622815,1.16563531429,0.00237882022474,-0.00261799387799,2065683.50287
14.1018490791,1.82042098354,1.17958052382,0.00234266149686,-0.000872664625996,2512217.52373
14.2016570568,1.81116679275,1.18883471188,0.00233458569224,-0.00139626340159,2512217.52373
14.3017370701,1.80540957682,1.19459192224,0.00232654710491,-0.00244346095279,2662396.85647
14.4016089439,1.79120846846,1.20879298684,0.00228330998527,-0.0012217304764,3028321.38199
14.5016839504,1.7855365446,1.21446490648,0.00227638042473,-0.0012217304764,3028321.38199
14.602191925,1.77240156606,1.22759986634,0.00225334392455,-0.00314159265359,3269926.65294
14.7017059326,1.76438412292,1.23561729284,0.0022351529243,0.000698131700798,3371033.68668
14.8016579151,1.752656475,1.24734495316,0.00223744541075,-0.000872664625996,3371033.68668
14.901695013,1.74536400355,1.25463741835,0.00222788098343,-0.00209439510239,3508959.78216
15.0018160343,1.73359369899,1.26640771291,0.00221254068338,-0.000349065850398,3508959.78216
15.1017270088,1.72536302336,1.27463839847,0.00221502669162,0.00366519142919,3557331.19527
15.2016839981,1.71807066466,1.28193080318,0.00224581884761,0.00628318530718,3613233.59332
15.3016569614,1.70455214552,1.29544942367,0.00231290353687,0.00488692190558,3613233.59332
15.4017529488,1.69662015091,1.30338148181,0.00235376618397,0.00541052068118,3575878.82405
15.5016701221,1.68514862495,1.31485310525,0.0024148070773,0.00226892802759,3542240.6752
15.6017041206,1.67764294491,1.32235880342,0.0024220120319,-0.000698131700797,3542240.6752
15.7016379833,1.66770642002,1.33229532883,0.0024151866745,0.0001745329252,3284152.03378
15.8017430305,1.65994486006,1.34005690427,0.00242020334667,0.00244346095279,3225044.92523
15.9016439915,1.64710844908,1.35289334758,0.00243281201099,-0.0010471975512,3225044.92523
16.0016629696,1.63900570108,1.36099609033,0.00242326990924,-0.0012217304764,2984075.23181
16.1016869545,1.63128676728,1.36871501812,0.00241350451372,-0.00226892802759,2984075.23181
16.2017660141,1.62015615519,1.37984560209,0.00238624032384,-0.00226892802759,2831173.41011
16.3017690182,1.61226664111,1.38773509637,0.00236697005747,-0.00261799387799,2339703.35135
16.4016160965,1.60079486543,1.39920683757,0.00233501670425,-0.00279252680319,2339703.35135
16.5016820431,1.59328917073,1.40671250768,0.00231265754936,-0.00226892802759,1902805.65336
16.6016221046,1.58096446731,1.41903718509,0.00228578039642,0.00314159265359,1570652.44258
16.7019159794,1.5730323774,1.42696931623,0.00230830330138,0.00453785605519,1570652.44258
16.8018040657,1.5597695904,1.44023217001,0.00234342737973,0.0001745329252,1162783.04115
16.9017000198,1.55392709059,1.44607467797,0.00234444708974,0.00209439510239,1162783.04115
17.0016551018,1.54070688468,1.45929493249,0.00236631501987,-0.000872664625996,900819.991036
17.1017019749,1.53490702395,1.46509479229,0.0023612536861,-0.000174532925199,548754.485054
17.2016940117,1.52309409276,1.47690774414,0.00236548883144,-0.00174532925199,548754.485054
17.3016440868,1.51128113874,1.48872068039,0.00234487134733,-0.000698131700797,217931.625699
17.4016599655,1.50552392488,1.49447789495,0.00234085205268,-0.00139626340159,189554.118286
17.5017199516,1.49409478595,1.50590701673,0.00232093422445,-0.0010471975512,189554.118286
17.6018540859,1.48240977135,1.51759202642,0.00230869770644,0.000523598775599,667561.807613
17.7016861439,1.47678050576,1.52322130348,0.00231164518928,0.0,811910.016923
17.8016879559,1.46338965746,1.53661215892,0.00230567579263,-0.00139626340159,811910.016923
17.9016871452,1.45741921138,1.54258259928,0.00229733947984,-0.00209439510239,1264674.7395
18.0016729832,1.4457768453,1.5542249366,0.0022698966533,-0.00314159265359,1264674.7395
18.1016459465,1.43447565613,1.56552608565,0.00223541264471,-0.00401425727959,1421599.90089
18.2017030716,1.4287184576,1.57128325522,0.0022123017607,-0.00261799387799,1673393.74159
18.3016929626,1.41473058522,1.58527106949,0.00216377260663,-0.00436332312999,1673393.74159
18.4016821384,1.4092292677,1.59077235681,0.00213976856005,-0.00523598775598,1888463.27298
18.501652956,1.39775753706,1.60224402219,0.00208780075511,-0.00506145483078,1977940.21271
18.601583004,1.38607256503,1.61392893738,0.00204080492893,-0.00366519142919,1977940.21271
18.7016711235,1.38027271702,1.61972876043,0.00201954737201,-0.00383972435439,2084447.02666
18.8016951084,1.3665407118,1.63346071902,0.00197750859965,-0.00296705972839,2130275.63413
18.9017601013,1.36052762655,1.63947378478,0.00195966742204,-0.00296705972839,2130275.63413
19.0018970966,1.34875734465,1.65124402011,0.00191871536041,-0.00383972435439,2185535.58133
19.1017959118,1.33720029615,1.66280102031,0.00187636399586,-0.00174532925199,2185535.58133
19.2017199993,1.33114455824,1.66885674935,0.00186579474408,-0.00349065850399,2183931.03859
19.3017120361,1.32142128154,1.67857998819,0.00183185409991,-0.00401425727959,2169061.86561
19.4016830921,1.30994952848,1.69005169287,0.00178879564432,-0.00331612557879,2169061.86561
19.5017049313,1.3021026702,1.69789852391,0.00176342947162,-0.00244346095279,1977887.69057
19.6016521454,1.2903323657,1.70966880819,0.00174051950785,-0.00226892802759,1933921.57356
19.7018299103,1.28261343499,1.71738772232,0.00172300581719,-0.00174532925199,1933921.57356
19.8017170429,1.26879611786,1.73120502006,0.00169928454574,-0.00139626340159,1698159.95857
19.9016671181,1.2606507236,1.73935040546,0.00168721177911,-0.00209439510239,1698159.95857
20.0020160675,1.24952012269,1.75048097369,0.00165525843785,-0.00209439510239,1581332.8767
20.1017260551,1.24150267085,1.75849840807,0.00163675481251,-0.00401425727959,1298348.55567
20.2016789913,1.22951923279,1.77048177518,0.00157437419436,-0.00767944870877,1298348.55567
20.301680088,1.22175781267,1.77824312636,0.00151477012441,-0.00645771823238,1141965.21888
20.4016780853,1.21399634084,1.78600454227,0.00146429855581,-0.00663225115758,755730.351622
20.5016860962,1.19983814244,1.80016262622,0.0013581306534,-0.0101229096616,755730.351622
20.6016860008,1.19420909321,1.80579161562,0.0013011469557,-0.00994837673637,445620.433134
20.7017190456,1.18064812265,1.81935246124,0.00117419865466,-0.00802851455917,269493.129893
20.8016719818,1.17254559493,1.82745492734,0.00110669761895,-0.00890117918517,269493.129893
20.9016919136,1.16111678233,1.83888365694,0.00100999007928,-0.00750491578357,234517.902201
21.001691103,1.15335534599,1.84664505113,0.000957099579785,-0.00436332312999,234517.902201
21.1016750336,1.14077489105,1.85922545711,0.000891265342327,-0.00610865238198,449569.263274
21.2016620636,1.13339723079,1.8666030851,0.000846197416963,-0.00506145483078,739298.867272
21.3017439842,1.12175494408,1.8782453371,0.000794251933045,-0.00506145483078,739298.867272
21.4017379284,1.11382284692,1.88617740975,0.000756158095361,-0.00418879020479,956533.438968
21.5018630028,1.10567750179,1.89432273419,0.000722396114368,-0.00331612557879,1049893.26197
21.6017119884,1.09424838775,1.90575183092,0.00069178996979,-0.00174532925199,1049893.26197
21.7016839981,1.08213695011,1.91786327483,0.000697744464632,0.00436332312999,1308237.78919
21.8017690182,1.07403431328,1.92596593805,0.000734773948816,0.00471238898039,1355167.05945
21.9016349316,1.0629464704,1.9370538157,0.000779886680403,0.00628318530718,1355167.05945
22.0017139912,1.0568055921,1.94319472484,0.000818471658252,0.00541052068118,1433687.8085
22.1016690731,1.04503549312,1.95496487662,0.00087907342483,0.00488692190558,1433687.8085
22.2017049789,1.03335064358,1.96664977588,0.000931078459246,0.00436332312999,1530895.56583
22.3019750118,1.02499211382,1.97500833758,0.00096195250987,0.0013962634016,1577890.5875
22.4017210007,1.01330712257,1.98669334612,0.000974605842673,0.000872664625998,1577890.5875
22.5016810894,1.00725139455,1.99274908209,0.000979890470576,-0.000698131700797,1638166.66141
22.6017270088,0.995267870568,2.00473258937,0.000956831657873,-0.00314159265359,1659955.88396
22.7017030716,0.983497595474,2.01650283281,0.000917844568532,-0.00366519142919,1659955.88396
22.8017029762,0.977612463473,2.02238794738,0.000896274400478,-0.00506145483078,1669698.48185
22.9017279148,0.965458431648,2.03454193257,0.000838620066334,-0.00523598775598,1669698.48185
23.0018451214,0.956929292761,2.0430710394,0.000797310816332,-0.00279252680319,1808610.71812
23.1016831398,0.945329603546,2.05467070184,0.00075985701035,-0.00471238898038,1860614.78048
23.2017650604,0.933047593554,2.0669526842,0.000719947013868,0.000698131700798,1860614.78048
23.3016889095,0.927418321841,2.07258196066,0.000723876990854,0.000698131700798,1943227.90028
23.4016959667,0.915648028312,2.08435226518,0.000733121368304,0.00314159265359,2158552.25272
23.501666069,0.907332100326,2.09266821278,0.00075377604635,0.000349065850399,2158552.25272
23.6017169952,0.89492212873,2.10507820031,0.0007674193128,0.00331612557879,2560500.52566
23.701695919,0.887203254677,2.11279709778,0.000790827945671,0.00366519142919,2740044.90421
23.8017759323,0.874963907471,2.1250364714,0.00081425145354,-0.000349065850398,2740044.90421
23.901736021,0.867415558941,2.13258482076,0.000811616582446,0.0001745329252,2868033.21878
24.0017120838,0.853683539305,2.14631684559,0.000810648974434,-0.00139626340159,2868033.21878
24.1017501354,0.847499863522,2.15250051596,0.000802014936189,0.000523598775599,3504792.50063
24.2016811371,0.833384057709,2.16661634413,0.000818397277534,0.00261799387799,3710905.54079
24.3016750813,0.825323994709,2.17467642537,0.000832710415651,-0.0010471975512,3710905.54079
24.4028360844,0.817221247698,2.18277917037,0.000826621929256,0.000523598775599,3997058.3473
24.5017609596,0.803830447642,2.19617000147,0.000849717966587,-0.000349065850398,4074939.30866
24.6022100449,0.795983576067,2.20401686903,0.000841768696138,-0.000698131700797,4074939.30866
24.7016749382,0.787667598405,2.21233284601,0.00083672224837,0.0001745329252,4744286.6474
24.8018500805,0.77576937672,2.22423108529,0.000846658835075,0.000349065850399,4897725.95303
24.9020049572,0.767794575395,2.2322058949,0.00084981472585,0.0,4897725.95303
25.0017840862,0.75623750292,2.2437629625,0.000839007294898,-0.00139626340159,5071128.30834
25.1017570496,0.748134754793,2.25186570376,0.000828318950735,-0.00244346095279,5071128.30834
25.20165205,0.736535038326,2.26346541138,0.000813909047225,-0.00191986217719,5494676.36303
25.3018069267,0.728219062505,2.27178137467,0.000797943524229,-0.000349065850398,5694145.34699
25.401843071,0.714273810732,2.28572661624,0.000780995506666,-0.000349065850398,5694145.34699
25.5017969608,0.708132782088,2.29186764623,0.000778851882724,-0.000872664625996,5865625.23333
25.6017370224,0.69559484633,2.30440557998,0.000770113638571,-0.00157079632679,5890327.70939
25.7017719746,0.688345020078,2.31165539727,0.000757996214342,-0.00209439510239,5890327.70939
25.8016979694,0.676404141373,2.32359625007,0.000727702674652,0.0001745329252,6008230.59245
25.9016590118,0.664079443169,2.33592095674,0.000728796816055,0.000523598775599,6008230.59245
26.0017700195,0.658364880824,2.34163552588,0.000731788957731,-0.000349065850398,6060237.20004
26.1016790867,0.646423998424,2.35357641705,0.000732905428453,0.00209439510239,6053232.0012
26.201761961,0.638022769771,2.36197767076,0.000749756683291,0.001745329252,6053232.0012
26.3016750813,0.626337798764,2.37366267224,0.000768126342093,0.00279252680319,6006237.17984
26.4016830921,0.614354411636,2.38564612519,0.000812159835624,0.001745329252,5935637.59976
26.5017011166,0.608469285494,2.39153127032,0.000822431362004,0.000523598775599,5935637.59976
26.6027109623,0.59682692713,2.40317363817,0.000821441424728,0.0013962634016,5821963.03943
26.7016351223,0.584800779378,2.41519981532,0.000834005440032,-0.000174532925199,5697000.43756
26.8017270565,0.57887298393,2.42112761537,0.000832970843739,-0.00418879020479,5697000.43756
26.9017050266,0.565268925798,2.4347316226,0.000787389161739,-0.00174532925199,5501482.56834
27.0017161369,0.559213187906,2.44078735165,0.000776819909957,-0.00279252680319,5501482.56834
27.1017310619,0.547400265549,2.4526002277,0.000734855594449,-0.00506145483078,5278186.70018
27.201638937,0.535502081105,2.46449835269,0.000681615009904,-0.00314159265359,5128724.76755
27.301666975,0.527356697967,2.47264371313,0.00065847432536,-0.00261799387799,5128724.76755
27.4017119408,0.521002453036,2.47899793729,0.000637745229535,-0.00698131700798,4806586.1187
27.5017149448,0.507227951632,2.4927723513,0.000554352846463,-0.00471238898038,4695867.16343
27.6016790867,0.495372403567,2.50462785677,0.000507863134786,-0.00314159265359,4695867.16343
27.7017869949,0.489274033079,2.51072621099,0.000488704526935,-0.00209439510239,4498043.82277
27.8021669388,0.475627320714,2.52437289593,0.000453967448075,-0.0012217304764,4405069.88627
27.9017219543,0.469443644533,2.53055656772,0.000446412664035,-0.00261799387799,4405069.88627
28.0033330917,0.455157237595,2.54484294776,0.000410767509858,-0.00261799387799,4222427.18698
28.1017551422,0.449613260112,2.5503869145,0.000396253405706,-0.000872664625996,4222427.18698
28.2024390697,0.435540067131,2.56446009778,0.000379015101383,0.0,4130726.76393
28.3016870022,0.427522613187,2.57247755361,0.000377645563948,-0.000698131700797,4095810.92652
28.401704073,0.419718387207,2.58028177753,0.000371869688755,-0.000872664625996,4095810.92652
28.501636982,0.405645229774,2.59435495176,0.000383771255244,0.0013962634016,4061487.42338
28.6017570496,0.397371911401,2.60262828088,0.00039091666728,-0.00226892802759,4061910.55245
28.7016720772,0.38990885864,2.61009132203,0.000375353075949,-0.000523598775598,4061910.55245
28.801762104,0.375835756217,2.62416445946,0.000402639553357,-0.000349065850398,4092506.02254
28.9016389847,0.367434499727,2.63256570826,0.000390953857973,-0.00541052068118,4092506.02254
29.0016820431,0.355962801508,2.64403735613,0.000335004012828,-0.000698131700797,4114673.55827
29.1016840935,0.347945345297,2.65205480864,0.000327292922264,-0.00139626340159,4132577.76772
29.2031190395,0.334085392176,2.66591474248,0.000299954298266,-0.00279252680319,4132577.76772
29.3016710281,0.326153228727,2.67384690047,0.000290307993185,-0.000523598775598,4155931.65838
29.4025261402,0.32009749087,2.67990263792,0.000287137216185,-0.00139626340159,4145799.78603
29.5017249584,0.305768484873,2.69423160898,0.000239568270558,-0.00890117918517,4145799.78603
29.6017079353,0.300139395997,2.6998606638,0.000189461721581,-0.00820304748437,4153349.07695
29.702381134,0.286492958453,2.71350705733,9.50835700134e-05,-0.00837758040957,4131266.68217
29.8017189503,0.280266842006,2.71973316128,4.29226631937e-05,-0.00610865238198,4131266.68217
29.9023771286,0.268582035804,2.7314179656,-2.74220167791e-05,-0.0012217304764,4052326.095
30.0017430782,0.256299980895,2.74370002102,-3.13371061575e-05,-0.0012217304764,4052326.095
30.1017169952,0.25007366421,2.74992633882,-3.89439921561e-05,-0.0012217304764,3983119.922
30.2020230293,0.236554892977,2.76344511084,-4.25167210119e-05,0.00401425727959,3920964.33177
30.3016760349,0.230584491823,2.76941550892,-1.85498783261e-05,0.001745329252,3920964.33177
30.4017329216,0.21834508609,2.78165491409,-8.81425820177e-06,-0.000872664625996,3844978.63338
30.501732111,0.206788014625,2.79321198547,-6.39523927568e-06,0.000523598775599,3806723.45518
30.6016740799,0.200860215226,2.7991397848,-3.29145052263e-06,0.0012217304764,3806723.45518
30.7017700672,0.188834035729,2.81116596437,6.19110647236e-06,-0.000698131700797,3794033.27935
30.8016541004,0.17740490149,2.82259509857,-4.75774870592e-06,0.00191986217719,3818122.18192
30.901679039,0.169088946529,2.83091105407,1.41850193807e-05,0.00244346095279,3818122.18192
31.0017130375,0.157062783657,2.84293721962,3.21080828322e-05,0.000698131700798,3915204.7031
31.1016440392,0.151092340002,2.84890766435,3.62762402421e-05,0.00209439510239,3915204.7031
31.2018690109,0.139108878477,2.86089114072,7.30824870305e-05,0.000698131700798,4182796.84759
31.3016870022,0.127338577027,2.8726614419,6.94204649503e-05,-0.00279252680319,4296712.8667
31.401704073,0.119363783316,2.88063622859,5.33135343182e-05,0.000523598775599,4296712.8667
31.5016539097,0.107508187307,2.892491828,5.73626017042e-05,0.0010471975512,4720623.03786
